1,14 29 25
1,14 29 27
1,13 25 28
1,12 26 26
1,8 28 24
1,12 22 24
1,14 29 27
1,16 28 31
1,12 28 31
1,10 27 31
1,8 27 31
1,12 29 28
1,14 30 27
1,11 30 31
1,11 30 29
1,10 32 31
1,11 29 30
1,12 33 31
1,11 34 33
1,12 31 34
1,12 33 33
1,12 37 31
1,10 32 33
1,11 34 33
1,11 35 34
1,10 33 33
1,11 35 34
1,12 35 35
1,13 34 39
1,13 37 38
1,13 36 38
1,12 36 39
1,13 38 39
1,13 38 41
1,14 38 41
1,15 38 41
1,14 37 43
1,14 38 44
1,15 42 42
1,14 38 43
1,18 37 44
1,18 39 44
1,17 39 43
1,18 39 45
1,20 36 45
1,19 38 45
1,22 39 45
1,22 40 43
1,22 39 45
1,22 43 57
1,25 44 61
1,28 32 49
1,25 39 51
1,28 36 53
1,29 35 55
1,31 31 53
1,31 27 56
1,29 28 55
1,28 33 51
1,28 35 52
1,28 34 53
1,29 33 54
1,29 32 53
1,28 30 52
1,27 33 52
1,28 34 52
1,28 34 52
1,27 33 53
1,30 32 53
1,28 33 51
1,30 34 52
1,30 33 53
1,29 34 52
1,29 35 53
1,30 34 52
1,29 34 52
1,29 34 53
1,31 33 53
1,30 34 53
1,29 34 53
1,28 33 53
1,27 33 51
1,29 33 52
1,29 33 53
1,29 33 52
1,30 33 52
1,29 33 52
1,30 33 52
1,28 33 52
1,29 32 53
1,29 34 53
1,27 33 52
1,28 33 53
1,29 34 52
1,29 32 53
1,30 32 52
1,30 33 53
1,29 33 53
1,29 33 52
1,29 33 53
1,30 34 52
1,28 33 53
1,30 32 52
1,30 33 52
1,29 35 53
1,28 33 53
1,29 34 51
1,29 34 52
1,28 32 52
1,29 33 53
1,29 34 53
1,28 34 52
1,29 33 52
1,28 32 52
1,29 32 53
1,29 34 52
1,29 33 52
1,28 33 53
1,29 34 53
1,29 33 52
1,29 33 52
1,29 33 53
1,30 33 53
1,29 33 52
1,29 33 53
1,28 32 52
1,29 33 52
1,29 34 53
1,28 33 52
1,29 32 53
1,28 33 53
1,29 33 54
1,29 33 52
1,29 33 52
1,29 34 52
1,29 32 52
1,28 34 52
1,28 34 52
1,28 34 52
1,28 32 53
1,29 32 52
1,29 32 53
1,28 34 52
1,28 34 53
1,28 34 53
1,30 34 52
1,30 34 52
1,28 34 52
1,29 33 51
1,28 33 53
1,29 35 53
1,29 34 52
1,31 35 53
1,28 35 53
1,27 33 51
1,13 30 28
1,8 28 27
1,9 30 29
1,10 31 28
1,12 31 29
1,12 34 30
1,12 31 28
1,13 33 29
1,12 30 29
1,12 32 31
1,14 35 29
1,13 34 29
1,12 32 28
1,11 29 27
1,14 25 27
1,13 24 28
1,9 30 29
1,6 36 27
1,13 43 29
1,10 47 27
1,10 47 25
1,17 46 30
1,22 45 37
1,17 42 41
1,14 40 41
1,13 46 38
1,12 44 36
1,11 45 38
1,10 45 40
1,12 44 39
1,12 46 39
1,16 49 41
1,18 46 44
1,20 54 47
1,21 43 45
1,20 50 49
1,25 49 51
1,27 49 50
1,29 45 51
1,35 39 49
1,39 33 50
1,41 31 48
1,41 32 48
1,40 28 47
1,41 32 46
1,40 31 47
1,39 34 47
1,38 34 46
1,35 38 52
1,34 36 55
1,32 30 53
1,33 40 59
1,34 36 54
1,37 34 48
1,36 40 46
1,34 44 47
1,35 40 48
1,32 39 47
1,34 36 50
1,35 33 55
1,35 34 55
1,38 39 61
1,39 34 51
1,40 39 54
1,39 40 51
1,37 36 51
1,36 37 52
1,35 39 53
1,36 39 52
1,36 37 51
1,38 39 51
1,39 41 51
1,40 41 52
1,40 40 51
1,39 39 52
1,38 37 52
1,38 38 51
1,38 37 51
1,38 40 51
1,40 39 50
1,40 39 51
1,40 39 51
1,38 37 52
1,39 38 52
1,38 37 51
1,39 38 50
1,37 39 51
1,37 40 50
1,37 39 51
1,38 39 52
1,38 40 51
1,37 40 51
1,39 36 52
1,38 38 51
1,38 40 52
1,39 37 52
1,39 38 52
1,39 39 51
1,37 39 51
1,39 38 50
1,38 38 51
1,38 39 51
1,40 39 52
1,38 39 51
1,38 37 51
1,38 40 50
1,38 39 51
1,38 39 51
1,38 39 51
1,38 37 51
1,38 38 52
1,39 38 51
1,38 38 52
1,38 38 51
1,39 38 51
1,39 39 51
1,39 39 51
1,37 39 51
1,39 40 52
1,39 40 51
1,38 38 51
1,40 40 51
1,38 38 52
1,38 39 52
1,37 38 51
1,38 39 52
1,38 37 51
1,39 38 52
1,38 39 51
1,38 38 52
1,39 39 51
1,38 38 51
1,39 38 51
1,38 39 51
1,39 39 51
1,39 39 51
1,39 38 51
1,39 39 51
1,38 38 51
1,39 39 52
1,38 40 50
1,37 39 51
1,38 39 51
1,38 38 52
1,38 38 51
1,38 38 51
1,38 39 51
1,39 38 52
1,38 39 51
1,39 39 51
1,39 37 52
1,38 39 51
1,37 39 51
1,38 38 51
1,38 38 51
1,13 38 34
1,12 39 35
1,12 38 35
1,13 38 35
1,13 38 36
1,14 38 35
1,13 38 35
1,11 38 36
1,14 37 34
1,12 39 35
1,12 39 35
1,11 41 34
1,12 41 35
1,13 40 35
1,13 41 34
1,14 42 36
1,15 41 35
1,15 41 35
1,16 40 35
1,15 41 33
1,17 39 33
1,15 41 34
1,14 39 33
1,15 39 33
1,16 38 33
1,15 39 33
1,14 39 33
1,13 39 33
1,14 42 32
1,14 41 34
1,15 40 32
1,15 39 31
1,11 50 47
1,16 36 41
1,19 41 32
1,18 44 37
1,17 47 38
1,18 45 34
1,19 46 35
1,18 43 36
1,20 43 37
1,21 43 40
1,21 43 43
1,25 48 45
1,26 50 48
1,27 53 51
1,30 50 53
1,29 46 55
1,29 46 58
1,28 42 60
1,27 37 60
1,28 35 58
1,30 34 56
1,33 39 55
1,36 38 51
1,38 39 49
1,37 44 47
1,38 44 45
1,39 47 47
1,37 48 48
1,36 46 48
1,38 45 52
1,36 41 54
1,36 40 49
1,35 42 49
1,34 43 51
1,33 45 54
1,33 40 52
1,33 41 48
1,33 44 47
1,33 45 50
1,35 44 52
1,36 44 52
1,36 42 50
1,36 40 49
1,36 41 50
1,36 42 51
1,35 44 49
1,34 44 49
1,33 43 48
1,34 43 48
1,35 44 50
1,35 44 52
1,34 43 52
1,35 42 50
1,35 43 49
1,33 44 50
1,34 43 50
1,34 42 49
1,31 44 45
1,34 51 53
1,33 42 52
1,32 47 47
1,37 48 46
1,37 40 47
1,37 45 46
1,37 47 45
1,37 52 45
1,40 49 44
1,39 52 43
1,35 46 38
1,36 50 43
1,37 52 40
1,36 51 41
1,36 51 42
1,37 56 40
1,37 53 42
1,37 51 41
1,34 47 41
1,36 49 40
1,36 52 42
1,36 52 43
1,36 50 45
1,34 50 42
1,36 51 40
1,36 52 40
1,34 51 43
1,35 49 43
1,35 50 46
1,35 49 47
1,37 49 46
1,36 49 49
1,35 48 45
1,34 46 44
1,36 46 46
1,34 47 45
1,36 48 46
1,37 43 49
1,36 46 51
1,36 45 49
1,37 43 47
1,36 45 51
1,35 46 47
1,36 48 46
1,36 48 46
1,36 46 47
1,34 46 48
1,35 47 47
1,35 48 47
1,34 48 45
1,34 49 46
1,35 47 47
1,35 47 48
1,35 47 46
1,35 46 48
1,35 47 48
1,35 48 46
1,36 48 47
1,34 48 47
1,35 47 47
1,35 47 47
1,35 46 47
1,35 47 48
1,34 46 47
1,35 47 47
1,11 35 34
1,13 37 35
1,13 37 34
1,12 37 34
1,12 37 35
1,12 36 35
1,12 36 34
1,12 38 36
1,11 38 36
1,12 38 35
1,12 37 35
1,12 37 35
1,13 37 35
1,12 37 34
1,12 37 36
1,14 37 36
1,12 38 34
1,13 37 35
1,13 36 34
1,13 36 35
1,14 34 35
1,14 34 34
1,13 33 33
1,13 34 34
1,11 33 34
1,11 33 33
1,12 33 33
1,14 33 33
1,14 33 33
1,15 32 32
1,15 31 31
1,16 34 32
1,14 31 29
1,12 33 31
1,15 31 33
1,13 29 34
1,7 28 34
1,11 38 39
1,16 23 38
1,13 48 55
1,14 42 46
1,14 45 49
1,17 46 44
1,23 39 47
1,29 38 51
1,31 36 54
1,35 55 62
1,32 50 57
1,29 39 47
1,30 34 50
1,26 41 45
1,28 43 45
1,32 41 51
1,32 38 54
1,32 43 52
1,34 41 52
1,33 37 53
1,33 44 55
1,33 44 53
1,35 38 50
1,37 39 50
1,36 40 49
1,33 39 48
1,31 41 48
1,28 41 47
1,24 48 53
1,20 40 49
1,19 41 43
1,22 40 53
1,29 35 55
1,33 39 51
1,32 38 52
1,33 40 50
1,31 41 52
1,30 37 54
1,29 33 52
1,32 36 52
1,32 41 52
1,30 39 51
1,30 40 51
1,28 43 51
1,26 44 51
1,24 42 48
1,26 41 48
1,27 44 50
1,30 41 51
1,31 44 52
1,32 41 50
1,34 41 51
1,32 43 51
1,29 41 51
1,29 41 52
1,30 40 51
1,30 38 51
1,28 40 52
1,27 40 50
1,27 42 52
1,29 40 51
1,34 39 51
1,35 36 53
1,34 35 53
1,32 35 53
1,31 35 53
1,31 37 52
1,30 41 54
1,30 39 53
1,30 37 50
1,31 39 51
1,32 39 52
1,34 41 52
1,33 37 52
1,31 38 52
1,31 35 53
1,31 35 53
1,30 38 53
1,31 37 52
1,31 39 53
1,30 39 52
1,31 37 52
1,31 38 52
1,31 38 52
1,31 37 52
1,30 37 52
1,31 37 52
1,32 37 51
1,31 37 53
1,31 38 52
1,31 37 53
1,31 37 51
1,31 37 53
1,31 38 52
1,30 37 53
1,31 36 53
1,31 37 51
1,30 38 52
1,31 37 52
1,31 37 53
1,30 37 52
1,31 37 53
1,31 37 53
1,30 38 52
1,30 37 53
1,31 36 52
1,32 39 53
1,31 36 53
1,31 38 52
1,30 39 52
1,32 37 52
1,30 37 52
1,31 38 52
1,32 37 52
1,30 38 52
1,31 36 52
1,32 39 52
1,32 36 52
1,12 38 34
1,12 38 34
1,12 37 34
1,12 37 33
1,12 36 33
1,13 38 35
1,14 37 34
1,13 39 34
1,14 38 34
1,13 39 34
1,12 38 34
1,12 38 34
1,12 38 33
1,11 38 34
1,11 35 34
1,11 38 34
1,13 36 34
1,13 36 33
1,14 36 33
1,14 35 34
1,14 35 33
1,15 37 33
1,15 34 33
1,14 36 33
1,12 37 33
1,13 36 31
1,12 36 33
1,10 36 32
1,11 37 30
1,13 35 31
1,12 31 31
1,14 34 30
1,14 34 31
1,13 33 33
1,11 35 34
1,11 38 33
1,11 35 35
1,14 36 35
1,11 40 39
1,14 38 39
1,11 34 34
1,9 49 50
1,17 33 52
1,17 32 47
1,14 46 44
1,18 43 42
1,22 43 46
1,28 47 53
1,31 38 62
1,35 36 61
1,35 43 54
1,28 43 53
1,20 52 53
1,17 56 45
1,19 47 44
1,24 27 40
1,29 22 39
1,27 23 45
1,26 29 56
1,24 40 60
1,25 41 57
1,24 37 52
1,24 36 52
1,26 32 53
1,21 32 50
1,20 32 48
1,23 30 49
1,24 31 49
1,22 36 46
1,21 32 49
1,22 31 51
1,22 36 50
1,24 36 49
1,26 30 51
1,25 36 56
1,28 34 56
1,29 32 54
1,29 32 49
1,27 34 45
1,23 39 50
1,21 45 54
1,20 45 47
1,25 42 54
1,29 38 52
1,27 37 54
1,28 38 53
1,26 39 50
1,22 37 51
1,23 35 52
1,24 35 51
1,23 37 51
1,25 38 49
1,24 38 49
1,23 37 48
1,21 37 45
1,21 36 46
1,17 39 48
1,19 40 45
1,24 32 46
1,24 31 58
1,25 29 60
1,29 31 52
1,28 33 50
1,24 38 51
1,22 41 52
1,21 36 50
1,23 28 50
1,22 33 50
1,24 33 50
1,25 34 49
1,29 36 51
1,29 40 52
1,32 39 53
1,35 39 53
1,39 36 53
1,38 33 57
1,31 29 53
1,26 28 53
1,32 37 54
1,33 36 54
1,32 37 51
1,33 41 54
1,32 39 52
1,27 39 48
1,25 38 50
1,23 39 52
1,28 39 51
1,29 38 51
1,31 38 53
1,31 37 52
1,30 37 52
1,29 37 52
1,29 39 52
1,32 38 53
1,31 39 51
1,29 38 52
1,30 38 52
1,31 39 51
1,31 40 51
1,29 39 52
1,30 39 52
1,31 39 52
1,29 38 52
1,30 39 53
1,31 39 52
1,31 38 51
1,30 39 53
1,30 39 52
1,30 39 52
1,30 39 52
1,30 39 52
1,29 39 52
1,30 39 52
1,30 38 51
1,30 39 52
1,13 37 35
1,12 36 34
1,12 35 34
1,13 36 34
1,12 36 34
1,11 37 34
1,11 37 34
1,13 36 34
1,13 37 34
1,13 35 34
1,14 35 33
1,15 37 32
1,14 35 34
1,12 37 33
1,14 36 33
1,13 33 33
1,14 34 32
1,14 33 32
1,13 32 32
1,14 32 31
1,15 33 31
1,15 32 32
1,14 32 32
1,15 31 31
1,14 31 31
1,13 32 32
1,12 31 33
1,6 30 29
1,4 40 37
1,1 35 35
1,8 37 37
1,10 37 37
1,16 35 33
1,16 34 31
1,19 35 35
1,15 38 42
1,17 36 38
1,4 39 60
1,12 36 48
1,17 39 38
1,23 46 46
1,26 45 55
1,28 40 51
1,26 39 49
1,31 40 54
1,30 38 55
1,31 41 53
1,30 44 52
1,29 43 48
1,29 41 50
1,27 46 52
1,28 43 50
1,29 42 52
1,31 38 52
1,32 40 49
1,34 42 49
1,32 46 51
1,32 46 48
1,32 43 48
1,33 42 50
1,31 41 50
1,31 39 49
1,31 41 50
1,30 43 49
1,31 47 48
1,33 49 48
1,33 43 49
1,34 43 51
1,32 43 50
1,32 45 50
1,33 45 50
1,34 44 49
1,32 43 51
1,33 41 50
1,30 44 51
1,30 43 50
1,33 42 49
1,32 43 50
1,31 40 52
1,27 40 49
1,24 41 50
1,22 39 53
1,26 37 51
1,24 41 52
1,25 42 53
1,26 39 51
1,27 42 50
1,29 41 50
1,29 42 48
1,27 42 51
1,29 41 50
1,31 41 52
1,34 41 51
1,38 42 53
1,39 40 52
1,34 38 51
1,30 40 52
1,30 45 50
1,31 47 49
1,30 47 48
1,32 47 49
1,31 44 48
1,30 42 51
1,30 42 49
1,30 40 49
1,31 43 51
1,31 42 51
1,31 44 50
1,30 45 50
1,31 42 49
1,30 42 50
1,30 42 50
1,31 45 51
1,30 44 50
1,30 43 50
1,30 43 51
1,30 43 49
1,31 42 50
1,30 42 50
1,31 42 50
1,31 43 50
1,31 44 49
1,30 43 51
1,30 42 50
1,30 41 50
1,29 42 50
1,30 43 50
1,30 42 50
1,30 42 50
1,29 42 50
1,31 42 51
1,31 42 50
1,29 43 51
1,31 42 51
1,30 42 51
1,30 43 51
1,30 42 51
1,31 42 51
1,31 41 50
1,30 40 50
1,30 42 51
1,31 42 51
1,30 42 51
1,31 41 50
1,30 40 50
1,29 42 51
1,30 41 51
1,31 42 52
1,29 42 50
1,29 40 51
1,30 40 51
1,32 41 51
1,31 42 51
1,31 41 51
1,31 41 50
1,12 36 34
1,13 35 34
1,13 36 33
1,13 36 34
1,13 34 35
1,14 35 34
1,13 36 33
1,13 34 33
1,12 35 33
1,12 34 33
1,13 34 32
1,13 33 32
1,12 34 32
1,13 34 33
1,14 32 32
1,14 32 33
1,14 32 32
1,13 32 33
1,15 29 30
1,13 31 30
1,13 35 32
1,12 36 30
1,11 31 28
1,11 30 29
1,10 31 28
1,12 29 29
1,12 28 29
1,10 31 29
1,8 30 30
1,8 30 32
1,10 33 32
1,8 35 28
1,8 41 32
1,9 37 35
1,13 33 36
1,17 32 35
1,21 33 34
1,20 44 36
1,17 44 37
1,14 37 42
1,16 36 47
1,23 35 50
1,23 52 52
1,23 50 63
1,16 26 61
1,22 29 47
1,29 29 43
1,26 33 46
1,25 45 45
1,33 43 54
1,31 41 56
1,26 33 57
1,30 28 52
1,30 30 51
1,31 35 54
1,29 34 55
1,30 34 53
1,29 35 50
1,29 37 52
1,28 35 52
1,28 32 53
1,27 33 52
1,30 37 53
1,31 40 53
1,30 38 53
1,29 37 53
1,28 34 52
1,31 35 52
1,33 36 53
1,31 36 54
1,31 36 52
1,28 36 53
1,29 37 52
1,29 36 52
1,30 35 52
1,30 35 54
1,29 34 53
1,29 36 52
1,28 35 52
1,30 34 52
1,29 33 53
1,30 35 52
1,30 34 52
1,31 34 52
1,30 35 52
1,30 35 54
1,29 34 52
1,29 36 52
1,29 34 53
1,28 34 52
1,31 34 53
1,30 34 53
1,30 37 53
1,31 35 51
1,29 37 52
1,29 35 53
1,37 34 53
1,21 35 52
1,28 38 52
1,32 35 53
1,32 35 54
1,29 34 52
1,28 37 53
1,29 36 52
1,29 33 53
1,30 33 54
1,28 37 52
1,28 40 51
1,28 39 51
1,29 36 52
1,30 36 53
1,29 36 53
1,29 37 52
1,29 36 52
1,28 37 52
1,28 37 51
1,28 37 52
1,29 37 52
1,28 36 52
1,29 37 53
1,29 37 52
1,31 36 52
1,30 39 53
1,30 40 53
1,28 39 51
1,25 41 50
1,24 39 52
1,27 41 51
1,28 38 51
1,28 37 52
1,28 38 51
1,29 39 51
1,29 39 51
1,28 38 52
1,29 37 52
1,28 37 52
1,30 41 51
1,30 42 52
1,29 39 51
1,27 39 51
1,29 38 52
1,30 39 52
1,29 39 52
1,29 39 52
1,28 38 51
1,29 38 52
1,28 37 52
1,28 40 51
1,28 39 51
1,28 39 51
1,29 39 52
1,27 39 51
1,27 39 52
1,28 38 50
1,28 39 51
1,13 38 31
1,13 40 31
1,13 40 32
1,13 40 32
1,13 39 32
1,13 40 32
1,14 40 31
1,13 40 32
1,14 39 32
1,13 40 32
1,14 40 31
1,14 41 31
1,14 41 32
1,14 42 31
1,15 42 32
1,15 40 32
1,15 40 31
1,17 41 30
1,17 38 29
1,16 43 31
1,13 41 32
1,11 41 35
1,12 41 38
1,14 42 33
1,15 45 32
1,16 46 32
1,19 45 31
1,20 47 31
1,17 51 34
1,18 45 36
1,19 47 37
1,19 48 40
1,18 47 38
1,17 47 38
1,21 49 40
1,22 49 39
1,23 48 39
1,22 48 41
1,25 49 42
1,27 49 43
1,26 50 46
1,25 49 45
1,25 49 46
1,25 50 49
1,26 46 50
1,29 45 51
1,31 45 50
1,31 42 50
1,34 43 53
1,35 40 52
1,37 39 52
1,37 40 53
1,38 39 54
1,39 39 53
1,39 39 52
1,39 41 52
1,38 42 51
1,36 41 50
1,37 42 53
1,35 40 53
1,36 40 52
1,37 41 51
1,37 41 51
1,37 40 53
1,36 38 51
1,38 40 53
1,39 42 53
1,38 42 51
1,39 44 50
1,39 42 49
1,37 43 49
1,39 45 49
1,37 45 49
1,31 45 49
1,35 47 49
1,37 43 47
1,40 44 48
1,39 46 48
1,39 45 48
1,38 44 46
1,39 45 48
1,37 45 48
1,35 45 48
1,34 45 49
1,36 42 48
1,39 39 52
1,41 38 53
1,43 36 51
1,39 35 53
1,35 39 55
1,29 45 54
1,33 43 50
1,33 43 49
1,35 44 51
1,33 42 48
1,34 40 47
1,35 41 46
1,33 42 48
1,34 41 49
1,35 41 53
1,36 39 54
1,39 40 52
1,39 40 53
1,38 40 51
1,38 41 51
1,37 42 51
1,37 42 49
1,36 40 51
1,35 41 52
1,36 42 51
1,36 43 50
1,37 42 51
1,35 41 51
1,37 41 51
1,38 40 51
1,38 41 51
1,38 42 50
1,40 43 51
1,38 42 51
1,38 41 50
1,38 40 50
1,37 41 50
1,36 40 51
1,37 40 51
1,38 40 51
1,37 42 50
1,37 41 50
1,37 42 50
1,37 41 51
1,39 41 51
1,37 43 50
1,38 42 51
1,37 41 50
1,37 42 50
1,38 41 51
1,37 42 51
1,37 41 50
1,38 41 51
1,37 42 50
1,37 41 50
1,38 41 52
1,38 42 50
1,38 42 50
1,38 42 50
1,36 42 51
1,37 42 51
1,38 41 50
1,39 40 51
1,38 41 51
1,38 40 50
1,37 42 51
1,38 42 50
1,39 41 50
1,38 41 50
1,38 42 50
2,30 40 51
2,30 41 51
2,31 41 51
2,29 42 51
2,30 43 52
2,30 40 52
2,31 41 52
2,32 39 52
2,29 38 52
2,29 38 50
2,28 40 50
2,31 38 51
2,30 39 51
2,30 39 50
2,31 39 51
2,30 38 52
2,29 39 53
2,31 38 52
2,29 39 53
2,31 37 53
2,29 38 53
2,29 42 51
2,31 38 53
2,30 37 53
2,31 42 52
2,30 39 51
2,29 38 53
2,29 41 51
2,27 40 50
2,27 41 49
2,26 42 48
2,25 46 49
2,25 42 49
2,24 42 49
2,25 41 48
2,24 42 49
2,24 42 50
2,23 43 50
2,22 40 48
2,22 43 48
2,22 42 48
2,17 42 46
2,18 43 46
2,17 43 46
2,16 42 43
2,15 41 45
2,15 40 45
2,14 39 42
2,14 39 42
2,14 40 42
2,13 38 40
2,16 36 38
2,15 35 39
2,16 35 38
2,15 36 37
2,15 37 36
2,15 37 37
2,15 37 39
2,15 36 38
2,14 35 38
2,15 36 38
2,12 35 36
2,12 35 36
2,13 36 36
2,12 36 36
2,12 36 37
2,11 37 37
2,13 37 38
2,13 37 38
2,13 40 37
2,13 38 37
2,14 39 37
2,13 38 38
2,12 39 37
2,14 39 38
2,13 38 38
2,13 39 37
2,13 39 37
2,13 39 38
2,14 39 38
2,14 38 38
2,13 38 37
2,13 39 38
2,14 39 38
2,13 40 38
2,13 38 37
2,13 39 38
2,13 39 38
2,12 38 38
2,12 38 37
2,13 39 37
2,14 37 38
2,12 39 37
2,13 38 37
2,13 38 36
2,14 38 37
2,12 38 37
2,13 39 38
2,13 38 37
2,13 39 37
2,13 39 36
2,12 38 35
2,12 37 38
2,12 38 38
2,12 38 38
2,13 38 37
2,13 38 37
2,12 38 36
2,12 38 37
2,13 37 37
2,13 39 38
2,13 39 38
2,13 39 36
2,13 39 37
2,12 38 37
2,12 38 37
2,12 37 38
2,12 38 38
2,13 37 37
2,12 39 37
2,12 39 38
2,14 39 36
2,13 39 37
2,13 38 37
2,13 39 36
2,13 38 37
2,13 40 37
2,13 38 37
2,12 39 37
2,13 38 37
2,13 36 38
2,13 38 37
2,13 38 38
2,13 38 37
2,11 38 37
2,13 37 36
2,12 38 37
2,12 38 37
2,14 38 37
2,12 39 37
2,13 39 37
2,14 38 37
2,13 39 38
2,13 38 38
2,13 38 37
2,14 37 38
2,12 38 37
2,15 38 37
2,12 37 37
2,12 38 36
2,12 38 38
2,13 39 36
2,12 37 37
2,12 38 37
2,14 37 37
2,13 38 37
2,13 39 38
2,13 39 37
2,13 39 36
2,14 39 37
2,14 39 38
2,13 39 37
2,12 38 38
2,14 40 37
2,12 38 37
2,13 38 38
2,12 40 38
2,13 39 38
2,33 35 52
2,33 37 51
2,34 38 51
2,35 37 51
2,35 37 52
2,35 39 51
2,33 39 51
2,33 38 51
2,32 39 51
2,32 41 52
2,32 43 52
2,31 40 52
2,31 39 51
2,29 39 52
2,30 39 52
2,31 40 52
2,31 41 51
2,30 40 52
2,31 40 52
2,29 40 52
2,31 40 52
2,30 40 51
2,30 41 51
2,30 42 51
2,29 40 52
2,30 41 51
2,27 42 51
2,28 40 51
2,27 41 51
2,26 43 49
2,25 41 49
2,23 41 48
2,24 42 49
2,22 40 48
2,21 42 47
2,21 38 46
2,20 40 46
2,20 41 45
2,17 41 46
2,18 41 45
2,19 40 43
2,18 42 45
2,18 40 43
2,17 41 43
2,17 42 42
2,18 41 42
2,16 40 42
2,17 42 42
2,16 41 41
2,16 42 42
2,16 42 41
2,17 41 40
2,15 41 41
2,15 42 41
2,15 41 39
2,15 40 40
2,15 40 38
2,14 42 40
2,14 43 39
2,13 41 37
2,15 41 38
2,13 41 40
2,12 42 39
2,14 41 39
2,15 40 40
2,14 40 39
2,14 39 38
2,15 39 38
2,13 39 40
2,14 38 39
2,14 38 38
2,14 37 38
2,15 36 38
2,13 37 39
2,13 36 39
2,13 36 38
2,12 36 39
2,14 36 40
2,14 34 37
2,10 35 35
2,11 37 36
2,12 34 36
2,13 37 38
2,15 37 41
2,17 33 35
2,15 37 38
2,14 37 38
2,14 37 38
2,12 36 37
2,11 35 35
2,10 36 36
2,8 34 35
2,7 36 35
2,10 34 36
2,9 27 38
2,10 27 38
2,11 29 38
2,12 34 37
2,10 35 34
2,11 36 35
2,14 37 34
2,13 38 35
2,13 38 34
2,13 37 34
2,12 36 34
2,11 36 32
2,12 34 33
2,10 35 32
2,13 37 33
2,13 28 33
2,11 36 35
2,11 37 34
2,12 36 35
2,11 36 34
2,12 36 34
2,11 36 34
2,12 36 33
2,12 36 34
2,12 36 34
2,12 36 34
2,12 35 33
2,12 37 33
2,12 37 34
2,12 36 34
2,12 36 35
2,12 37 34
2,11 36 35
2,12 38 35
2,10 36 35
2,12 35 35
2,12 37 35
2,11 38 35
2,12 37 34
2,10 35 34
2,12 36 35
2,12 37 33
2,11 37 34
2,12 36 34
2,11 35 33
2,11 35 34
2,11 36 35
2,11 37 34
2,11 35 35
2,10 37 35
2,11 37 35
2,12 36 35
2,12 36 34
2,12 37 35
2,13 35 34
2,12 35 34
2,11 35 34
2,11 36 35
2,12 35 35
2,12 36 34
2,12 37 35
2,11 35 34
2,11 37 35
2,13 36 35
2,11 37 35
2,12 36 34
2,11 36 35
2,11 38 34
2,11 36 35
2,10 36 35
2,12 36 35
2,13 36 35
2,13 35 35
2,13 36 35
2,28 34 52
2,31 34 53
2,29 34 54
2,29 34 53
2,31 35 52
2,29 34 52
2,29 34 53
2,29 33 53
2,29 34 53
2,29 34 52
2,29 35 53
2,29 34 53
2,29 33 53
2,30 35 53
2,29 34 52
2,30 32 53
2,29 34 52
2,27 35 52
2,28 35 52
2,28 34 52
2,27 32 53
2,28 35 52
2,29 34 53
2,27 33 53
2,27 36 52
2,26 37 53
2,27 35 51
2,26 34 52
2,26 35 52
2,26 33 52
2,26 33 53
2,25 34 52
2,25 34 51
2,24 34 52
2,25 35 51
2,26 37 54
2,20 35 49
2,21 35 49
2,24 37 49
2,22 36 49
2,22 35 49
2,21 37 49
2,22 36 50
2,21 35 51
2,19 36 48
2,20 37 48
2,19 37 48
2,18 36 47
2,17 36 48
2,18 37 46
2,17 37 44
2,16 36 42
2,14 37 43
2,13 34 41
2,12 34 41
2,14 35 41
2,12 36 40
2,13 33 38
2,15 34 40
2,13 35 38
2,13 32 38
2,12 32 35
2,17 31 38
2,10 30 36
2,12 30 33
2,12 31 36
2,10 30 36
2,13 33 33
2,11 32 34
2,10 31 32
2,12 33 31
2,11 32 32
2,12 27 30
2,9 30 30
2,9 29 29
2,13 27 26
2,11 33 30
2,9 28 27
2,9 27 26
2,9 30 28
2,9 24 27
2,8 26 27
2,10 23 25
2,9 24 26
2,10 24 28
2,9 25 24
2,10 31 25
2,12 30 28
2,10 27 27
2,12 27 28
2,16 33 31
2,15 35 31
2,15 30 30
2,17 32 32
2,15 35 32
2,13 32 32
2,12 34 31
2,11 35 34
2,13 34 32
2,14 35 32
2,13 35 34
2,14 33 33
2,14 36 33
2,14 35 33
2,13 34 34
2,13 35 34
2,13 36 34
2,11 36 35
2,9 30 38
2,9 32 38
2,13 34 36
2,12 37 36
2,12 35 34
2,11 37 34
2,10 37 34
2,12 36 33
2,11 36 34
2,12 36 35
2,13 35 34
2,12 37 34
2,11 34 35
2,11 35 36
2,11 35 37
2,12 35 35
2,12 35 35
2,11 36 34
2,12 35 35
2,12 37 34
2,12 35 34
2,12 36 34
2,11 36 35
2,11 35 35
2,12 35 36
2,12 36 36
2,13 36 36
2,12 36 35
2,12 36 35
2,12 37 35
2,11 36 34
2,12 35 35
2,11 36 34
2,11 36 35
2,12 36 35
2,12 34 35
2,12 36 35
2,11 37 35
2,12 35 35
2,12 36 34
2,12 36 34
2,13 36 35
2,10 36 34
2,11 35 35
2,11 35 34
2,12 36 35
2,11 35 35
2,11 36 35
2,11 37 34
2,11 36 34
2,11 35 34
2,11 36 35
2,11 35 35
2,11 37 34
2,11 37 35
2,12 35 35
2,11 37 34
2,11 35 35
2,12 36 34
2,12 36 34
2,32 36 52
2,32 35 53
2,33 36 53
2,34 36 52
2,33 36 53
2,32 37 53
2,32 35 52
2,32 37 52
2,32 35 52
2,32 35 53
2,31 36 52
2,32 37 54
2,32 34 53
2,33 36 52
2,32 38 53
2,32 36 52
2,31 37 52
2,33 35 51
2,34 36 53
2,32 36 52
2,32 38 53
2,30 37 52
2,31 36 52
2,30 39 52
2,28 41 50
2,28 44 52
2,29 44 50
2,29 42 52
2,28 38 52
2,30 39 52
2,29 38 50
2,26 38 51
2,26 38 50
2,25 37 50
2,26 37 50
2,26 39 50
2,25 38 50
2,22 41 50
2,23 43 50
2,19 40 49
2,19 36 49
2,20 37 49
2,24 43 48
2,24 38 49
2,19 38 47
2,19 38 47
2,19 39 47
2,19 40 47
2,20 40 46
2,18 39 45
2,17 39 44
2,18 40 44
2,16 38 45
2,17 39 43
2,17 39 43
2,16 39 44
2,15 37 43
2,16 37 42
2,14 37 43
2,16 37 40
2,13 38 40
2,12 36 40
2,12 35 40
2,12 35 38
2,11 35 39
2,8 36 35
2,11 36 40
2,14 35 37
2,14 31 31
2,13 29 35
2,11 38 40
2,11 32 36
2,13 33 37
2,10 31 35
2,10 30 34
2,10 32 35
2,12 31 34
2,13 31 33
2,12 34 34
2,14 28 32
2,12 29 30
2,14 26 30
2,13 25 29
2,12 27 29
2,13 24 28
2,12 23 28
2,13 22 28
2,13 23 28
2,14 25 28
2,13 26 27
2,12 26 29
2,12 27 33
2,13 26 33
2,12 30 34
2,11 29 33
2,10 29 33
2,12 31 31
2,12 34 30
2,12 33 30
2,13 30 31
2,11 31 34
2,10 32 35
2,10 32 35
2,9 31 37
2,8 29 36
2,10 31 34
2,10 32 35
2,10 33 34
2,10 34 35
2,12 36 34
2,13 34 31
2,11 34 33
2,12 34 34
2,12 36 33
2,13 37 35
2,13 36 35
2,12 35 34
2,13 34 35
2,12 35 34
2,12 34 37
2,10 35 36
2,11 36 35
2,12 34 34
2,11 33 34
2,10 32 34
2,12 34 33
2,11 34 34
2,13 34 35
2,13 33 34
2,13 34 34
2,11 35 35
2,11 35 34
2,10 35 34
2,11 35 34
2,11 36 34
2,11 34 34
2,12 34 35
2,12 33 35
2,12 34 35
2,13 35 35
2,11 33 34
2,12 34 34
2,12 34 34
2,12 33 35
2,12 33 35
2,11 34 34
2,12 34 35
2,12 34 35
2,13 34 35
2,11 35 35
2,12 35 35
2,12 35 35
2,12 35 35
2,12 35 34
2,11 34 35
2,10 34 36
2,11 34 35
2,12 33 34
2,11 34 36
2,12 35 34
2,12 34 34
2,12 33 35
2,11 33 35
2,12 34 35
2,12 35 35
2,11 36 35
2,12 34 36
2,12 34 36
2,34 45 50
2,36 45 50
2,33 43 50
2,35 45 49
2,34 43 49
2,34 44 49
2,35 43 49
2,35 45 50
2,34 44 50
2,33 45 50
2,34 45 50
2,34 43 50
2,35 44 49
2,34 45 50
2,34 43 52
2,33 44 53
2,31 42 49
2,31 45 49
2,32 45 49
2,29 42 49
2,27 46 47
2,26 46 47
2,26 49 48
2,25 45 47
2,26 45 46
2,27 46 50
2,29 45 49
2,29 42 44
2,32 46 42
2,30 56 36
2,27 52 36
2,28 59 44
2,26 40 45
2,22 42 45
2,19 41 44
2,17 37 40
2,16 39 41
2,15 39 46
2,19 35 46
2,17 44 44
2,16 44 43
2,11 35 41
2,11 42 43
2,15 39 38
2,15 40 37
2,14 41 42
2,15 37 35
2,14 42 38
2,14 44 37
2,15 42 32
2,14 43 34
2,18 42 29
2,15 45 29
2,13 46 26
2,16 45 20
2,12 42 27
2,13 48 24
2,15 44 25
2,15 40 26
2,18 42 25
2,18 41 27
2,13 42 24
2,13 41 22
2,13 41 22
2,14 41 22
2,11 44 20
2,10 41 20
2,10 36 24
2,8 29 22
2,7 28 21
2,9 27 18
2,13 30 15
2,15 34 11
2,13 29 17
2,15 28 16
2,15 37 16
2,12 35 18
2,11 31 20
2,12 32 23
2,15 32 25
2,16 32 26
2,17 32 27
2,15 33 29
2,16 33 30
2,16 36 30
2,16 33 31
2,12 28 33
2,13 30 32
2,13 34 31
2,15 34 31
2,17 35 29
2,16 33 28
2,18 36 28
2,20 38 30
2,20 37 31
2,14 35 33
2,9 34 35
2,9 41 30
2,11 42 30
2,10 37 35
2,12 37 33
2,13 41 33
2,12 40 33
2,14 41 31
2,15 43 32
2,15 42 31
2,13 38 30
2,11 37 29
2,12 35 29
2,12 35 31
2,10 35 32
2,10 36 34
2,11 36 34
2,11 38 33
2,11 40 32
2,12 41 32
2,13 41 31
2,16 41 31
2,13 40 31
2,13 40 32
2,13 41 32
2,13 40 33
2,14 39 32
2,13 41 33
2,14 42 33
2,13 40 32
2,13 40 33
2,12 42 32
2,13 42 32
2,12 40 32
2,13 41 32
2,13 41 32
2,12 41 33
2,12 40 33
2,13 40 32
2,13 40 32
2,14 40 31
2,14 40 32
2,12 39 33
2,13 40 32
2,13 40 32
2,12 41 32
2,13 40 31
2,13 42 31
2,13 41 32
2,14 40 33
2,11 39 33
2,12 41 32
2,13 40 31
2,12 40 32
2,13 39 33
2,14 39 31
2,14 39 32
2,14 38 32
2,13 38 33
2,14 39 32
2,12 39 32
2,13 38 31
2,13 39 31
2,13 39 31
2,13 39 31
2,12 39 31
2,13 39 32
2,13 38 32
2,13 37 32
2,12 37 30
2,13 38 30
2,12 38 30
2,34 36 50
2,31 34 49
2,27 35 48
2,24 35 47
2,22 36 48
2,22 37 46
2,22 37 46
2,22 38 48
2,23 35 49
2,25 35 49
2,24 38 51
2,25 37 54
2,27 41 57
2,24 40 54
2,27 37 52
2,24 37 49
2,26 33 48
2,29 36 49
2,31 34 45
2,34 31 42
2,36 43 52
2,36 47 61
2,37 46 62
2,31 34 52
2,31 33 53
2,26 34 54
2,27 36 54
2,30 38 52
2,29 40 50
2,29 38 53
2,29 37 52
2,28 40 52
2,29 39 52
2,27 40 52
2,26 39 53
2,28 39 52
2,25 42 53
2,21 44 55
2,26 48 50
2,28 47 42
2,31 45 41
2,28 48 38
2,25 46 38
2,20 45 48
2,16 46 48
2,19 45 42
2,21 46 45
2,18 43 44
2,20 43 38
2,15 44 42
2,18 40 36
2,19 38 34
2,12 34 42
2,14 34 29
2,10 38 29
2,10 40 30
2,9 37 26
2,12 37 30
2,10 34 34
2,11 34 28
2,14 40 24
2,13 34 35
2,6 33 27
2,13 39 25
2,10 35 31
2,7 30 25
2,9 35 28
2,9 30 24
2,12 28 25
2,4 31 25
2,12 25 21
2,14 23 25
2,12 23 27
2,14 25 30
2,13 20 31
2,12 23 30
2,13 29 30
2,14 33 30
2,15 27 29
2,13 32 29
2,13 30 31
2,13 34 32
2,13 33 33
2,13 32 34
2,13 37 34
2,12 37 33
2,14 32 34
2,14 37 35
2,14 39 35
2,14 37 34
2,14 36 33
2,15 37 33
2,15 37 33
2,14 39 33
2,15 39 34
2,14 40 34
2,13 40 34
2,12 40 33
2,13 40 35
2,13 41 34
2,13 40 34
2,12 35 39
2,11 38 39
2,13 43 37
2,13 44 36
2,12 43 33
2,13 41 35
2,12 41 34
2,13 40 33
2,13 40 33
2,14 39 34
2,13 40 33
2,12 41 34
2,12 41 35
2,13 40 35
2,14 40 35
2,13 41 35
2,13 41 34
2,14 40 35
2,13 40 34
2,12 41 34
2,13 41 34
2,12 40 35
2,12 40 34
2,13 41 35
2,13 39 35
2,13 40 33
2,14 40 35
2,13 40 34
2,12 40 35
2,12 40 34
2,12 41 34
2,12 40 35
2,13 40 35
2,11 40 34
2,12 39 33
2,13 39 34
2,12 40 33
2,11 39 34
2,13 39 34
2,13 38 35
2,13 39 33
2,12 39 34
2,12 39 33
2,13 40 33
2,12 39 34
2,12 38 34
2,12 39 33
2,12 39 34
2,12 39 33
2,11 37 34
2,12 38 34
2,11 37 34
2,12 38 33
2,11 38 33
2,11 40 34
2,12 39 34
2,12 38 33
2,13 38 32
2,13 38 33
2,13 39 33
2,12 39 33
2,13 38 34
2,13 38 33
2,12 38 34
2,12 39 32
2,13 38 32
2,12 37 33
2,30 35 53
2,29 37 52
2,31 38 52
2,31 38 53
2,29 37 52
2,30 37 52
2,31 38 52
2,30 39 52
2,30 37 52
2,31 37 52
2,31 38 51
2,30 38 52
2,31 38 51
2,31 38 52
2,30 37 52
2,31 38 51
2,30 37 53
2,31 38 53
2,31 38 53
2,31 36 52
2,30 37 53
2,30 38 52
2,30 38 52
2,30 38 52
2,31 36 53
2,30 38 50
2,30 40 55
2,30 36 53
2,28 36 56
2,30 36 55
2,31 35 56
2,29 37 53
2,27 36 52
2,27 43 46
2,23 41 43
2,21 46 49
2,19 38 45
2,17 33 43
2,14 37 43
2,19 41 49
2,17 38 40
2,14 36 41
2,15 40 43
2,14 39 39
2,13 39 37
2,12 38 33
2,12 36 31
2,12 40 30
2,13 38 27
2,12 40 26
2,13 40 27
2,12 40 29
2,13 41 30
2,15 39 31
2,12 40 32
2,14 41 29
2,12 41 34
2,12 38 31
2,13 40 27
2,10 39 34
2,7 37 33
2,8 38 30
2,8 35 29
2,8 28 25
2,6 24 24
2,8 28 24
2,8 23 23
2,9 26 26
2,9 27 28
2,11 28 28
2,14 29 30
2,16 32 31
2,18 33 30
2,17 31 31
2,17 33 32
2,15 33 33
2,13 32 32
2,11 34 32
2,13 34 31
2,14 36 31
2,12 35 32
2,13 35 33
2,13 38 32
2,13 37 31
2,13 36 31
2,13 36 33
2,11 35 31
2,10 37 32
2,10 35 31
2,12 35 32
2,14 34 33
2,12 36 33
2,12 35 34
2,13 35 34
2,14 35 36
2,13 34 35
2,13 34 34
2,11 35 37
2,8 31 43
2,9 31 42
2,12 39 35
2,12 38 35
2,12 37 32
2,12 36 32
2,12 38 34
2,13 37 34
2,11 38 34
2,11 36 33
2,12 37 34
2,12 37 34
2,12 36 34
2,12 36 34
2,12 36 33
2,13 35 33
2,12 35 33
2,13 36 34
2,13 37 34
2,11 36 34
2,12 35 34
2,11 36 34
2,11 35 33
2,12 35 33
2,12 37 35
2,11 36 33
2,12 36 34
2,12 36 34
2,12 35 33
2,11 35 34
2,11 35 33
2,11 35 31
2,12 35 31
2,12 34 32
2,11 33 33
2,11 33 34
2,12 35 33
2,11 35 34
2,11 34 35
2,13 35 32
2,10 36 33
2,10 35 32
2,11 36 33
2,13 35 32
2,12 36 32
2,14 34 32
2,13 33 33
2,12 33 33
2,11 35 32
2,10 36 31
2,11 36 32
2,12 34 31
2,11 36 33
2,11 35 34
2,12 35 33
2,11 33 32
2,12 32 33
2,11 35 32
2,11 34 31
2,11 33 31
2,12 32 32
2,12 34 32
2,12 34 31
2,12 32 31
2,12 34 31
2,12 33 32
2,13 33 31
2,11 34 32
2,12 34 32
2,11 33 32
3,12 42 35
3,10 43 35
3,7 42 34
3,5 43 35
3,7 45 36
3,14 39 35
3,11 38 37
3,11 42 32
3,10 39 32
3,10 41 31
3,12 40 32
3,13 40 33
3,14 42 32
3,16 41 32
3,17 39 32
3,18 40 32
3,18 38 32
3,20 36 32
3,19 39 33
3,16 40 33
3,11 42 33
3,7 41 32
3,4 43 33
3,6 41 34
3,12 40 35
3,14 41 37
3,14 39 35
3,11 40 33
3,15 38 34
3,17 39 35
3,19 39 34
3,18 40 35
3,17 40 35
3,17 41 34
3,15 42 34
3,15 42 34
3,14 39 34
3,13 41 34
3,11 39 34
3,8 40 35
3,5 43 33
3,3 46 35
3,9 46 35
3,15 38 34
3,13 36 32
3,12 39 29
3,10 38 29
3,13 39 31
3,15 41 32
3,15 40 32
3,15 40 31
3,17 40 33
3,17 40 32
3,17 39 33
3,17 40 32
3,15 40 32
3,13 38 32
3,11 40 33
3,9 39 31
3,5 42 31
3,5 42 31
3,10 39 32
3,17 38 32
3,13 40 33
3,15 40 33
3,15 40 32
3,15 39 33
3,17 40 34
3,19 39 36
3,18 42 36
3,18 44 35
3,16 44 35
3,16 42 35
3,16 43 34
3,13 41 34
3,12 43 34
3,11 41 32
3,10 44 32
3,6 43 33
3,5 38 35
3,9 38 35
3,14 33 32
3,10 36 31
3,13 40 28
3,12 37 29
3,12 38 29
3,12 39 30
3,14 40 30
3,15 39 29
3,15 38 31
3,15 39 32
3,16 39 32
3,15 38 32
3,15 39 32
3,14 39 31
3,11 40 29
3,9 40 29
3,7 41 27
3,3 42 27
3,9 41 30
3,19 37 31
3,15 38 33
3,12 36 32
3,12 33 29
3,14 33 33
3,14 36 34
3,15 38 36
3,16 40 35
3,16 41 34
3,16 40 33
3,17 39 32
3,17 39 32
3,13 40 33
3,12 40 32
3,11 41 33
3,10 40 33
3,7 42 31
3,4 42 31
3,10 38 33
3,15 35 35
3,8 31 35
3,10 37 27
3,12 33 30
3,12 37 32
3,12 38 30
3,15 41 30
3,15 38 31
3,16 39 32
3,18 39 31
3,18 39 32
3,18 38 33
3,17 41 32
3,14 42 32
3,11 41 33
3,8 40 33
3,6 42 33
3,2 43 31
3,9 40 34
3,15 40 36
3,14 40 37
3,10 39 33
3,13 37 30
3,15 38 32
3,17 38 32
3,17 40 33
3,17 41 33
3,15 42 34
3,16 41 34
3,15 41 34
3,16 43 33
3,16 42 34
3,14 41 34
3,14 41 34
3,11 42 34
3,11 42 34
3,7 43 34
3,6 46 35
3,11 42 34
3,13 41 32
3,14 40 30
3,13 38 30
3,12 39 30
3,13 41 31
3,14 40 30
3,15 41 28
3,14 40 28
3,15 41 29
3,15 40 30
3,16 40 30
3,17 39 31
3,13 40 28
3,14 39 29
3,12 40 30
3,13 40 31
3,14 40 29
3,15 40 31
3,14 40 31
3,12 41 30
3,12 40 31
3,12 43 33
3,14 42 35
3,16 41 36
3,15 42 36
3,14 41 35
3,5 41 35
3,8 40 35
3,11 37 36
3,14 38 36
3,16 40 36
3,15 40 36
3,16 40 36
3,16 40 37
3,15 40 37
3,15 40 36
3,16 40 35
3,14 40 35
3,16 39 36
3,18 40 34
3,14 40 34
3,14 42 34
3,13 42 34
3,12 42 32
3,12 42 32
3,12 42 31
3,9 42 31
3,9 43 32
3,10 43 32
3,13 41 31
3,14 40 31
3,13 42 33
3,12 40 34
3,12 38 33
3,12 39 31
3,13 40 30
3,12 40 30
3,15 39 29
3,15 40 30
3,14 41 32
3,16 40 31
3,18 41 31
3,16 41 33
3,14 41 33
3,14 39 32
3,12 40 33
3,10 40 31
3,5 42 29
3,9 42 31
3,16 44 35
3,19 41 33
3,16 38 33
3,11 39 31
3,6 38 32
3,13 39 33
3,14 40 35
3,16 41 36
3,15 39 35
3,16 40 37
3,16 40 39
3,16 41 36
3,16 44 35
3,16 42 34
3,16 42 32
3,13 41 31
3,12 41 33
3,12 42 34
3,10 43 35
3,4 43 35
3,5 41 35
3,13 43 35
3,12 40 35
3,10 44 31
3,9 40 31
3,11 38 31
3,13 39 33
3,14 39 32
3,14 39 32
3,15 38 31
3,16 38 32
3,17 40 33
3,18 38 33
3,17 40 33
3,16 40 34
3,14 40 35
3,13 40 34
3,11 40 35
3,4 41 32
3,6 42 32
3,17 39 35
3,19 39 37
3,14 42 34
3,11 42 33
3,12 41 34
3,15 40 35
3,16 39 37
3,18 40 37
3,16 39 37
3,16 41 37
3,16 41 37
3,16 41 37
3,15 42 37
3,15 42 37
3,13 41 36
3,12 40 37
3,10 40 37
3,7 43 36
3,6 44 34
3,4 44 35
3,12 41 33
3,15 37 35
3,14 40 32
3,13 39 32
3,14 39 31
3,15 41 31
3,16 40 31
3,17 39 31
3,15 38 31
3,15 38 30
3,16 41 31
3,15 40 32
3,15 39 31
3,14 40 32
3,13 40 33
3,12 40 32
3,12 40 32
3,6 42 30
3,7 41 30
3,13 40 30
3,16 39 31
3,11 40 33
3,6 34 29
3,9 35 30
3,13 43 31
3,13 41 32
3,16 40 31
3,16 41 33
3,16 43 31
3,17 44 31
3,16 42 30
3,17 41 29
3,18 41 30
3,14 42 30
3,14 42 30
3,13 43 28
3,11 44 29
3,10 45 29
3,10 45 31
3,11 45 31
3,13 44 34
3,12 44 35
3,13 44 34
3,13 42 35
3,13 38 36
3,13 41 33
3,14 37 30
3,15 40 28
3,14 41 31
3,14 41 29
3,16 38 28
3,17 38 26
3,15 39 27
3,9 40 31
3,3 44 30
3,5 43 34
3,13 39 34
3,14 40 34
3,13 38 34
3,13 39 33
3,14 36 33
3,16 39 34
3,18 40 34
3,17 40 35
3,19 40 35
3,19 40 36
3,17 41 36
3,15 43 35
3,12 42 35
3,13 42 35
3,13 41 36
3,10 41 34
3,5 43 33
3,1 44 32
3,4 41 34
3,14 41 34
3,16 40 32
3,15 39 32
3,14 39 30
3,13 38 31
3,14 40 31
3,14 40 31
3,14 39 30
3,14 40 30
3,17 41 31
3,17 40 33
3,15 41 32
3,17 40 33
3,15 39 33
3,14 39 33
3,11 40 32
3,9 39 33
3,4 42 33
3,2 37 27
3,13 38 23
3,21 46 34
3,16 42 34
3,14 44 31
3,13 42 30
3,14 42 30
3,15 42 32
3,16 42 30
3,17 40 31
3,16 42 32
3,15 42 32
3,14 43 33
3,14 42 33
3,15 42 34
3,13 42 34
3,12 41 33
3,9 43 33
3,6 44 33
3,6 45 33
3,12 42 33
3,13 41 32
3,10 41 30
3,10 38 28
3,13 38 31
3,15 40 32
3,15 39 31
3,16 40 31
3,15 40 30
3,16 38 30
3,17 39 31
3,16 39 31
3,16 39 30
3,14 39 30
3,11 39 30
3,9 41 30
3,5 41 31
3,6 42 31
3,13 41 33
3,17 41 35
3,14 41 35
3,13 37 33
3,11 37 35
3,14 35 34
3,15 39 35
3,15 42 35
3,16 41 36
3,16 41 37
3,15 41 36
3,15 38 37
3,16 42 37
3,16 41 35
3,14 40 35
3,13 41 34
3,10 44 35
3,4 44 32
3,2 44 31
3,6 42 33
3,13 39 34
3,11 38 30
3,12 37 28
3,12 37 30
3,14 37 29
3,16 37 30
3,17 39 32
3,17 39 30
3,16 39 31
3,15 40 30
3,15 40 32
3,16 38 32
3,14 39 32
3,14 42 31
3,11 42 31
3,9 41 31
3,9 41 30
3,7 42 31
3,10 41 31
3,13 39 31
3,15 37 31
3,7 39 31
3,12 38 31
3,15 37 31
3,15 38 32
3,16 41 32
3,15 39 33
3,16 39 34
3,16 42 33
3,17 44 33
3,17 43 33
3,16 42 33
3,15 41 32
3,13 40 32
3,12 41 33
3,11 42 34
3,8 44 34
3,5 43 33
3,6 43 34
3,12 39 35
3,15 34 35
3,11 38 34
3,9 34 30
3,9 37 28
3,11 40 31
3,13 41 28
3,12 39 28
3,14 39 29
3,16 39 30
3,17 39 32
3,17 39 32
3,18 41 31
3,15 41 32
3,15 41 32
3,12 42 33
3,11 40 34
3,8 42 33
3,6 44 33
3,6 43 33
3,13 41 34
3,18 41 35
3,16 39 34
3,10 40 33
3,14 39 32
3,16 41 32
3,16 40 33
3,16 42 33
3,15 44 33
3,13 43 32
3,14 43 32
3,14 42 31
3,15 42 32
3,8 41 33
3,10 41 32
3,6 42 32
3,6 44 33
3,12 43 33
3,15 42 32
3,15 40 32
3,11 40 31
3,11 41 32
3,12 40 32
3,13 40 31
3,18 37 30
3,17 38 31
3,15 41 31
3,15 39 32
3,18 39 33
3,16 40 32
3,15 39 31
3,11 40 33
3,11 40 31
3,8 40 30
3,3 41 30
3,7 39 31
3,15 42 34
3,18 41 38
3,13 41 37
3,10 42 35
3,14 38 35
3,17 39 35
3,16 38 35
3,18 40 35
3,16 40 36
3,17 40 36
3,16 40 35
3,16 41 35
3,15 40 35
3,13 40 35
3,12 39 35
3,10 39 34
3,10 41 33
3,5 43 34
3,3 44 35
3,10 40 36
3,13 36 34
3,13 41 32
3,10 40 31
3,11 39 31
3,13 40 31
3,14 40 31
3,14 40 31
3,16 39 30
3,16 38 31
3,15 38 32
3,17 38 32
3,17 39 32
3,14 39 33
3,12 42 33
3,7 41 32
3,6 43 31
3,4 42 32
3,13 38 35
3,15 37 34
3,13 38 31
3,9 39 31
3,12 39 31
3,18 37 33
3,19 39 35
3,18 40 33
3,19 40 33
3,18 41 34
3,17 42 36
3,16 42 35
3,14 42 35
3,12 43 36
3,11 41 35
3,9 42 34
3,5 44 33
3,4 44 35
3,6 43 36
3,12 40 35
3,11 37 37
3,11 38 32
3,12 35 31
3,12 39 31
3,14 40 32
3,18 41 32
3,17 40 32
3,17 39 33
3,16 39 32
3,16 41 33
3,16 40 33
3,14 40 33
3,14 40 33
3,12 40 34
3,10 41 32
3,6 42 33
3,4 40 32
3,10 37 32
3,14 36 33
3,10 36 31
3,9 35 30
3,15 36 30
3,16 38 33
3,16 40 33
3,17 39 34
3,17 41 33
3,16 41 34
3,17 40 33
3,16 40 32
3,15 41 34
3,14 42 32
3,12 43 33
3,10 44 33
3,9 43 34
3,8 45 33
3,7 45 35
3,12 42 34
3,12 38 34
3,10 41 33
3,10 41 30
3,12 38 31
3,14 39 31
3,15 39 32
3,17 41 32
3,14 41 31
3,16 40 31
3,17 38 32
3,17 39 32
3,17 40 32
3,17 40 32
3,13 39 33
3,11 40 32
3,9 41 33
3,8 40 33
3,4 42 33
3,7 41 33
3,16 40 34
3,17 40 34
3,14 40 33
3,8 41 32
3,15 38 34
3,16 41 33
3,17 40 34
3,18 41 33
3,17 41 34
3,18 41 34
3,16 41 35
3,16 43 34
3,12 43 35
3,13 43 34
3,11 42 34
3,9 43 35
3,7 45 34
3,4 44 34
3,11 43 34
3,13 41 34
3,12 41 32
3,10 40 31
3,11 39 33
3,12 39 31
3,13 41 32
3,15 40 31
3,14 40 31
3,14 40 31
3,17 39 32
3,16 40 31
3,17 39 32
3,17 38 32
3,15 41 32
3,12 40 33
3,11 40 32
3,13 41 31
3,13 43 33
3,17 40 33
3,13 42 31
3,12 40 32
3,13 40 33
3,13 41 32
3,14 40 31
3,13 42 30
3,12 39 29
3,12 39 30
3,12 40 31
3,13 40 30
3,14 41 30
3,13 41 30
3,14 41 31
3,14 40 31
3,13 40 31
3,14 42 31
3,14 41 32
3,15 41 32
3,15 43 33
3,14 43 32
3,10 42 33
3,9 44 33
3,12 42 32
3,13 42 32
3,14 40 32
3,12 38 31
3,13 40 29
3,12 40 30
3,13 40 29
3,13 39 28
3,13 40 29
3,14 40 29
3,15 41 29
3,15 41 29
3,14 41 29
3,12 40 29
3,14 42 29
3,13 42 30
3,15 42 30
3,14 42 29
3,14 42 31
3,13 42 30
3,13 41 31
3,12 42 31
3,13 42 32
3,13 42 31
3,11 43 31
3,10 41 32
3,10 40 32
3,12 42 33
3,15 40 34
3,18 39 31
3,16 40 32
3,12 40 31
3,12 41 32
3,14 40 33
3,15 40 32
3,16 41 32
3,15 41 30
3,15 41 31
3,14 40 31
3,14 40 30
3,15 41 30
3,13 42 30
3,14 41 30
3,16 41 31
3,16 42 29
3,16 41 31
3,15 41 31
3,14 41 31
3,14 41 30
3,12 43 31
3,8 46 32
3,9 44 31
3,7 43 29
3,9 40 27
3,12 38 29
3,15 40 30
3,13 40 30
3,14 39 29
3,14 40 28
3,15 39 29
3,13 39 29
3,16 40 29
3,14 40 29
3,16 39 29
3,15 41 29
3,14 41 30
3,13 42 31
3,13 40 31
3,10 39 29
3,7 41 29
3,7 43 31
3,12 41 32
3,18 41 33
3,16 41 33
3,15 39 33
3,12 39 32
3,15 37 33
3,16 37 34
3,16 40 34
3,16 41 34
3,16 41 35
3,17 41 35
3,16 41 35
3,16 40 35
3,16 41 34
3,15 42 35
3,13 42 33
3,12 42 34
3,11 43 34
3,6 45 32
3,5 45 33
3,10 41 34
3,15 38 35
3,15 41 33
3,13 40 31
3,13 40 31
3,14 40 31
3,13 40 31
3,14 41 29
3,14 39 31
3,16 41 31
3,16 42 31
3,16 41 33
3,16 42 33
3,16 42 32
3,15 42 33
3,13 43 33
3,12 45 33
3,10 44 33
3,8 45 32
3,7 44 32
3,12 42 31
3,16 43 33
3,14 41 32
3,14 40 31
3,11 39 32
3,17 39 32
3,19 40 32
3,17 41 31
3,17 42 31
3,17 41 32
3,17 42 32
3,18 42 33
3,15 42 33
3,15 42 33
3,15 42 34
3,13 45 35
3,9 43 36
3,9 46 37
3,6 46 36
3,4 46 36
3,13 43 35
3,17 39 34
3,17 41 31
3,13 40 31
3,13 41 31
3,14 40 31
3,16 42 32
3,15 40 33
3,17 41 33
3,16 42 34
3,17 42 33
3,16 41 33
3,17 41 33
